001000020000000000000000266380000000000337097707190000000162081000005000000003403701  
001000030000000000000000015480000000000307145337930000000095000000005000000001995000  
001000020000000000000000823980000000000305801839280000000819054260005000000017200139  
001000020000000000000000824080000000000305801839280000000819054260005000000017200139  
001000010000000000000000005280000000000279249141950000000010200000005000000000214200  
001000010000000000000000005380000000000279249141950000000294003240005000000006174068  
001000010000000000000000005480000000000279249141950000000118965520005000000002498276  
001000010000000000000000060780000000000203483595500000000169000000005000000003549000  
001000020000000000000000037680000000000307163448580000000911925000005000000019150425  
001000020000000000000000037780000000000307163448580000000261527000005000000005492067  
001000020000000000000000037880000000000307163448580000000548250000005000000011513250  
001000020000000000000000037980000000000307163448580000000120000000005000000002520000  
001000020000000000000000126280000000000272034978440000000105629500005000000002218220  
001000020000000000000000166580000000000337164137190000001901953830005000000039941030  
001000020000000000000000166680000000000337164137190000000212736840005000000004467474  
001000030000000000000000001980000000000200437756780000000300000000005000000006300000  
001000030000000000000000002080000000000200437756780000000089635000005000000001882335  
001000030000000000000000154980000000000307147396930000005608687800004000000058891222  
001000030000000000000000487380000000000306884986150000000020000000005000000000420000  
003000040000000000000000003780000000000201622556310000000058000000005000000001218000  
003000040000000000000000003880000000000201622556310000000065000000005000000001365000  
001000040000000000000000246180000000000201622556310000000070000000005000000001470000  
001000040000000000000000246280000000000201622556310000000081250000005000000001706250  
001000020000000000000000013280000000000307171948840000002686579550004000000028209085  
001000050000000000000000225980000000000232919291090000000300000000005000000006300000  
001000060000000000000003408380000000000307104286420000000306264210005000000006431548  
001000060000000000000003408380000000000307104286420000000000000000003000000000000000  
001000010000000000000000002380000000000307181516660000000207200000005000000004351200  
001000020000000000000000000380000000000201201177270000001187111000005000000024929331  
001000020000000000000000962380000000000307086530780000000250000000005000000005250000  
001000030000000000000000043880000000000202148452890000000130000000005000000002730000  
001000030000000000000000195180000000000231826166990000000276000000005000000005796000  
003000040000000000000000075580000000000307123895120000004535539960005000000095246339  
001000040000000000000000134280000000000307123895120000000610000000005000000012810000  
001000040000000000000000134380000000000307123895120000007971072000005000000167392512  
001000040000000000000000134480000000000307123895120000000190400000005000000003998400  
001000040000000000000000134580000000000307123895120000000238000000005000000004998000  
001000040000000000000000134680000000000307123895120000002274500000005000000047764500  
003000050000000000000000009280000000000337084166790000000001648920005000000000034627  
003000050000000000000000009380000000000337084166790000000011445920005000000000240364  
001000050000000000000000031580000000000337084166790000000032978550005000000000692550  
001000050000000000000000031680000000000337084166790000000228918420005000000004807287  
001000060000000000000006859580000000000307110536690000000086962810005000000001826219  
001000030000000000000000398480000000000307143695000000000312000000005000000006552000  
001000030000000000000002915380000000000336281526890000000135200000008000000000676000  
001000030000000000000004684080000000000336634199490000000054600000005000000001146600  
001000060000000000000000208580000000000307163835190000000006905000005000000000145005  
001000370000000000000011096980000000000337073665890000000000000000003000000000000000  
001000020000000000000000180180000000000307089166050000000195000000005000000004095000  
001000020000000000000001402080000000000307104348630000000240000000005000000005040000  
001000030000000000000000057180000000000201338226590000000145152000005000000003048192  
001000030000000000000000112480000000000232399287490000000081250000005000000001706250  
001000030000000000000000488480000000000306884986150000000025000000005000000000525000  
001000040000000000000000138580000000000336285402390000000082975000005000000001742475  
001000040000000000000000138680000000000336285402390000000082975000005000000001742475  
001000030000000000000000220680000000000337094703590000000432328000005000000009078888  
001000050000000000000001168080000000000307162711680000000040326000005000000000846846  
003000080000000000000000011180000000000306975789900000000000000000003000000000000000  
001000080000000000000000105280000000000306975789900000004831910000005000000101470110  
001000070000000000000000611380000000000307093251200000000720000000005000000015120000  
001000160000000000000000259980000000000306807598940000000033057850005000000000694215  
001000040000000000000000968080000000000307150964190000000089900000005000000001887900  
001000040000000000000000968280000000000307150964190000000077000000005000000001617000  
001000060000000000000000862780000000000307098259050000000074380170005000000001561984  
001000020000000000000000000480000000000201201177270000002000000000005000000042000000  
001000020000000000000000086480000000000307102874880000000055000000005000000001155000  
001000020000000000000000141780000000000307110588220000000173577480005000000003645127  
001000030000000000000000028580000000000307171302150000000032571040004000000000341996  
001000060000000000000000863680000000000307098259050000000002520660005000000000052934  
001000760000000000000000732280000000000306770934270000000000000000003000000000000000  
001000020000000000000000001080000000000209246279140000001598000000005000000033558000  
001000020000000000000000001180000000000209246279140000000085000000005000000001785000  
001000020000000000000001852580000000000336776796090000000289800000005000000006085800  
001000030000000000000002931280000000000336281526890000000150568600005000000003161941  
001000350000000000000082045480000000000336921482290000000143143250005000000003006008  
001000350000000000000082047880000000000336921482290000000121472500005000000002550923  
001000350000000000000082047880000000000336921482290000000000000000003000000000000000  
001000350000000000000082052380000000000336921482290000000046221370005000000000970649  
001000030000000000000000032080000000000203553451230000000165000000005000000003465000  
001000160000000000000000261580000000000306807598940000000044826000005000000000941346  
001000350000000000000082071380000000000336921482290000000045362770005000000000952618  
001000020000000000000003223180000000000306976167010000000205200000005000000004309200  
001000050000000000000288156680000000000307026529750000002290588500005000000048102359  
001000120000000000000000018280000000000307152137090000000180000000005000000003780000  
001000020000000000000001271580000000000231276700990000000154781140005000000003250404  
001000040000000000000031122180000000000306968509720000000182750000005000000003837750  
001000040000000000000031122280000000000306968509720000000182750000005000000003837750  
001000060000000000000000210380000000000307163835190000000105179200005000000002208763  
002000120000000000000001182780000000000306968509720000000098804430005000000002074893  
001000020000000000000000045180000000000307154717910000000130000000008000000000650000  
001000020000000000000000825980000000000305801839280000000819054260005000000017200139  
001000030000000000000000134680000000000307117346310000000373579500005000000007845170  
001000030000000000000000134680000000000307117346310000000000000000003000000000000000  
001000120000000000000000195580000000000337113049890000000012975210005000000000272479  
001000120000000000000000195580000000000337113049890000000059543900004000000000625211  
001000050000000000000002443180000000000307152323550000001058406930004000000011113273  
001000170000000000000000678380000000000306368276610000000262905000005000000005521005  
001000170000000000000000678480000000000306368276610000000336000000005000000007056000  
001000010000000000000000005580000000000279249141950000003911276260004000000041068401  
001000030000000000000000491580000000000306884986150000000070000000005000000001470000  
001000090000000000000000164480000000000307091849180000000369981820005000000007769618  
001000060000000000000000130680000000000305875117260000000112396690005000000002360330  
001024650000000000000031173680000000000307085748360000000000000000003000000000000000  
001000020000000000000000087280000000000307102874880000000055000000005000000001155000  
001000020000000000000000501580000000000270557167440000000000000000003000000000000000  
001000030000000000000004684180000000000336634199490000000081500000005000000001711500  
001000020000000000000000182080000000000307089166050000000395051450005000000008296080  
001000020000000000000000182180000000000307089166050000000666030000005000000013986630  
001000020000000000000000182280000000000307089166050000003804000000005000000079884000  
001000030000000000000000082180000000000202357397800000000054000000004000000000567000  
001000030000000000000000359580000000000271652173600000000050700000005000000001064700  
001000060000000000000000972880000000000307096537800000000052632000005000000001105272  
001063640000000000000787315780000000000306394537380000000069552540005000000001460603  
001063640000000000000787315780000000000306394537380000000002669160006000000000072013  
001000010000000000000000027480000000000307152984610000000202800000005000000004258800  
001000010000000000000000027580000000000307152984610000000243360000005000000005110560  
001000020000000000000000357180000000000307091920150000000018000000005000000000378000  
001000030000000000000000155580000000000307147396930000001380000000005000000028980000  
001000090000000000000024151780000000000305751701250000000481659840005000000010114857  
001000120000000000000000760480000000000306779090010000000002608670005000000000054782  
001000100000000000000032349680000000000306520104890000000175337980005000000003682098  
001000030000000000000000053180000000000307122867800000000121680000005000000002555280  
001000040000000000000000247080000000000201622556310000000084000000005000000001764000  
001000040000000000000000247180000000000201622556310000000090000000005000000001890000  
001000060000000000000000021280000000000273042905580000000029751110005000000000624773  
001000060000000000000000021380000000000273042905580000000014876030005000000000312397  
001000090000000000000100062880000000000306284555180000000189891000005000000003987711  
001000010000000000000000080780000000000307154423920000000079653000005000000001672713  
001000020000000000000000081780000000000307097448160000000200000000005000000004200000  
001000020000000000000000081880000000000307097448160000000120000000005000000002520000  
001000020000000000000000081980000000000307097448160000000585000000005000000012285000  
001000020000000000000000082080000000000307097448160000000129000000005000000002709000  
001000010000000000000000006580000000000307164778230000000069800000005000000001465800  
001000010000000000000000172980000000000307155583310000000210000000005000000004410000  
001000020000000000000000076980000000000307115484550000000170000000005000000003570000  
001000030000000000000000002380000000000209577735920000000003719010005000000000078099  
001000030000000000000000518280000000000307093881140000000050000000005000000001050000  
001000040000000000000000001180000000000271852860400000000082134000009000000000205335  
001000050000000000000000021280000000000203724583490000000210000000005000000004410000  
001022960000000000000000152580000000000306921387470000000007610750005000000000159826  
001022960000000000000000152580000000000306921387470000000000000000003000000000000000  
001000010000000000000000456680000000000307077227770000000000000000003000000000000000  
001000010000000000000000456680000000000307077227770000000597122750005000000012539578  
001000010000000000000000456680000000000307077227770000000487893400006000000013173122  
001000010000000000000000456680000000000307077227770000000813021680005000000017073455  
001000020000000000000000012980000000000201824881440000000150000000005000000003150000  
001000020000000000000000045480000000000307095178010000000055000000005000000001155000  
001000020000000000000000149580000000000201607169170000017675000000005000000371175000  
001000020000000000000000149680000000000201607169170000000556071000005000000011677491  
001000020000000000000000149780000000000201607169170000000900000000005000000018900000  
001000020000000000000000168680000000000307176049770000000104832000004000000001100736  
001000020000000000000000190380000000000202037098980000000986000000005000000020706000  
001000020000000000000000211980000000000200452309110000000277300000005000000005823300  
001000020000000000000000215280000000000202442475720000000411902000005000000008649942  
001000020000000000000000328280000000000306830131840000000081120000005000000001703520  
001000020000000000000000328380000000000306830131840000000162240000005000000003407040  
001000020000000000000000354180000000000306955787130000000301392000005000000006329232  
001000030000000000000000019280000000000307145337930000001096150000005000000023019150  
001000030000000000000000019380000000000307145337930000000481100000005000000010103100  
001000030000000000000000019480000000000307145337930000001296600000005000000027228600  
001000040000000000000000023280000000000233134230690000000072000000005000000001512000  
003000040000000000000000078180000000000307123895120000003731273260005000000078356738  
003000040000000000000000078280000000000307123895120000000046295200005000000000972199  
001000040000000000000000139680000000000307123895120000006557598000005000000137709558  
001000040000000000000000139780000000000307123895120000000238000000005000000004998000  
001000040000000000000000139880000000000307123895120000000238000000005000000004998000  
001000040000000000000000139980000000000307123895120000001725500000005000000036235500  
001000040000000000000000140080000000000307123895120000000427000000005000000008967000  
001000040000000000000000140180000000000307123895120000000046295200005000000000972199  
003000050000000000000000009680000000000337084166790000000002314760005000000000048610  
003000050000000000000000009780000000000337084166790000000014879700005000000000312474  
001000050000000000000000033180000000000337084166790000000046295200005000000000972199  
001000050000000000000000033280000000000337084166790000000297593980005000000006249474  
001000050000000000000000155380000000000201164366480000000053820000005000000001130220  
001000050000000000000000155480000000000201164366480000000059200000005000000001243200  
001000060000000000000000113680000000000201474105070000000115188430005000000002418957  
001000010000000000000000128080000000000307098976120000000200000000005000000004200000  
001000010000000000000010202380000000000305000031930000000477630640005000000010030243  
001000100000000000000000310680000000000307096636030000000017851240005000000000374876  
001000020000000000000000013380000000000307171948840000000059400000009000000000148500  
001000020000000000000000013480000000000307171948840000000729377000004000000007658459  
001000020000000000000000013580000000000307171948840000000833900000005000000017511900  
001000020000000000000000013680000000000307171948840000000495423600005000000010403896  
001000030000000000000019885480000000000306091784300000000209560000005000000004400760  
001000030000000000000019907680000000000306091784300000000624624000005000000013117104  
001000430000000000000000517180000000000307086530780000000000826450005000000000017355  
001000060000000000000000130980000000000305875117260000000084504610005000000001774597  
001000090000000000000024215280000000000305751701250000000481659840005000000010114857  
001000160000000000000000494280000000000305000900290000000464750000005000000009759750  
001000170000000000000000688880000000000306368276610000000281265000005000000005906565  
001001000000000000000000466680000000000307072215650000000269999990004000000002835000  
001001000000000000000000466680000000000307072215650000000000000000003000000000000000  
001013500000000000000002263780000000000305000896240000000000000000003000000000000000  
063000010000000000000000001680000000000202225949100000000840000000005000000017640000  
063000010000000000000000001880000000000201144618580000000568000000005000000011928000  
063000010000000000000000001880000000000201144618580000000100000000004000000001050000  
063000010000000000000000002180000000000305169975040000014562500000005000000305812500  
063000010000000000000000002180000000000305169975040000001225000000004000000012862500  
063000010000000000000000002280000000000306770587610000000630000000005000000013230000  
063000010000000000000000002280000000000306770587610000000100000000004000000001050000  
063000010000000000000000002380000000000307172080870000002600000000005000000054600000  
063000010000000000000000002480000000000202265406880000000544000000005000000011424000  
063000010000000000000000002880000000000201144618580000000370000000005000000007770000  
063000010000000000000000002880000000000201144618580000016690000000004000000175245000  
063000010000000000000000002980000000000202462819800000003115000000005000000065415000  
063000010000000000000000002980000000000202462819800000006800000000004000000071400000  
