001000010000000000000000065480000000000203483595500000000550000000005000000011550000  
001000020000000000000000000980000000000201201177270000000030000000005000000000630000  
001000020000000000000000022580000000000307167237350000000197400000005000000004145400  
001000020000000000000000039980000000000307163448580000001356981000005000000028496601  
001000020000000000000000040080000000000307163448580000000343908000005000000007222068  
001000020000000000000000040180000000000307163448580000000564750000005000000011859750  
001000020000000000000000181380000000000337164137190000001905211190005000000040009435  
001000020000000000000000269580000000000337097707190000000162081000005000000003403701  
001000020000000000000000509480000000000270557167440000000037000000005000000000777000  
001000020000000000000000509480000000000270557167440000000000000000003000000000000000  
001000030000000000000000022680000000000307145337930000000095000000005000000001995000  
001000040000000000000000146980000000000336285402390000000082975000005000000001742475  
001000050000000000000000000580000000000272896255640000000896000000005000000018816000  
001000020000000000000000831580000000000305801839280000001041715880005000000021876033  
001000030000000000000002953280000000000336281526890000000135200000008000000000676000  
001000030000000000000004730980000000000336634199490000000081500000005000000001711500  
001000040000000000000001001680000000000307150964190000000089900000005000000001887900  
001000040000000000000001001880000000000307150964190000000077000000005000000001617000  
001000050000000000000000234080000000000232919291090000000580800000005000000012196800  
001000050000000000000001273480000000000307162711680000000052988340005000000001112755  
001000050000000000000001297280000000000307106359740000000344354200004000000003615719  
001000050000000000000001297280000000000307106359740000000024793390005000000000520661  
001000080000000000000000107180000000000306975789900000004977330000005000000104523930  
001000180000000000000027243980000000000306968509720000000188000000005000000003948000  
001000180000000000000027244080000000000306968509720000000188000000005000000003948000  
001001860000000000000000980280000000000306447274630000000012552270005000000000263598  
001000030000000000000000198080000000000202053575650000000023636360005000000000496364  
001000060000000000000007468880000000000307110536690000000120991700005000000002540826  
001000060000000000000007468880000000000307110536690000000000000000003000000000000000  
001000010000000000000000059780000000000307171643300000000137731000005000000002892351  
001000010000000000000000175980000000000307155583310000000210000000005000000004410000  
001000010000000000000000176080000000000307155583310000000720000000005000000015120000  
001000010000000000000000238980000000000307155166200000000086420000005000000001814820  
001000020000000000000000040280000000000307163448580000001150000000005000000024150000  
001000020000000000000000046480000000000307095178010000000055000000005000000001155000  
001000020000000000000000186380000000000337164137190000000064024210005000000001344508  
001000020000000000000000484280000000000337146988990000000135397000005000000002843337  
001000030000000000000000044980000000000202148452890000000130000000005000000002730000  
001000030000000000000000492980000000000307145602350000000292066520005000000006133397  
001000050000000000000000158280000000000201164366480000000053820000005000000001130220  
001000050000000000000000158380000000000201164366480000000059200000005000000001243200  
001000130000000000000000799080000000000305700529490000000081404960005000000001709504  
001000010000000000000000013080000000000307173052440000001232137170005000000025874881  
001000010000000000000000013180000000000307173052440000000043719000005000000000918099  
001000020000000000000000077480000000000307115484550000000170000000005000000003570000  
001000020000000000000000187580000000000307089166050000000165000000005000000003465000  
001000020000000000000000978380000000000307086530780000000250000000005000000005250000  
001000030000000000000000224380000000000337094703590000000518793000005000000010894653  
003000050000000000000012482680000000000307026529750000000059550930005000000001250570  
001000050000000000000291110380000000000307026529750000000000945600006000000000025531  
001000050000000000000292538480000000000307026529750000002841379290005000000059668965  
001000030000000000000001780580000000000307113729930000000048347110005000000001015289  
001000050000000000000000689980000000000307151692540000000000983470005000000000020653  
003000080000000000000000011480000000000306975789900000000000000000003000000000000000  
001000110000000000000000314380000000000307105122950000000040165290005000000000843471  
001000020000000000000000040080000000000307092502280000000050000000005000000001050000  
001000020000000000000000273780000000000201712123840000000200000000005000000004200000  
001000020000000000000000323580000000000273048863610000000000000000003000000000000000  
001000030000000000000000002280000000000200437756780000000324377000005000000006811917  
001000120000000000000000214380000000000307084219830000000013719010005000000000288099  
001000160000000000000000276480000000000306807598940000000001074380005000000000022562  
001000030000000000000000416480000000000307143695000000000312000000005000000006552000  
001000030000000000000001782780000000000307113729930000000015768600005000000000331141  
001000350000000000000002710080000000000336087242790000000003220320005000000000067627  
001000110000000000000001484980000000000337085432390000000008721080005000000000183143  
001000110000000000000001485480000000000337085432390000000005248100005000000000110210  
001000800000000000000000035880000000000337148777690000000011487600005000000000241240  
001012360000000000000000012680000000000306858497510000000013672820005000000000287129  
003000010000000000000000000680000000000279249141950000000027500000005000000000577500  
001000020000000000000000001580000000000209246279140000000068000000005000000001428000  
001000020000000000000000188080000000000307089166050000003481552640005000000073112605  
001000100000000000000000001280000000000231829815590000000009297520005000000000195248  
001000130000000000000000804480000000000305700529490000000009586770005000000000201322  
001054150000000000000000005280000000000306102523340000000015702480005000000000329752  
001000030000000000000000058480000000000201338226590000000145152000005000000003048192  
001000070000000000000000073980000000000272501160260000000007024810005000000000147521  
001000110000000000000000314680000000000307105122950000000032396680005000000000680330  
001000120000000000000000021780000000000307152137090000000180000000005000000003780000  
001000150000000000000001802580000000000307150687330000000015944240005000000000334829  
001000030000000000000002970580000000000336281526890000000150562600005000000003161815  
001001860000000000000000993780000000000306447274630000000015806260005000000000331931  
003000010000000000000000000580000000000279249141950000000026500000005000000000556500  
001000010000000000000000006180000000000279249141950000000220000000005000000004620000  
001000010000000000000000006280000000000279249141950000000332541360005000000006983369  
001000020000000000000000001080000000000201201177270000000090288000005000000001896048  
001000020000000000000000001480000000000209246279140000001530000000005000000032130000  
001000020000000000000000021280000000000307163586890000000234470000005000000004923870  
001000020000000000000000021380000000000307163586890000000048900000005000000001026900  
001000030000000000000000115080000000000232399287490000000081250000005000000001706250  
001000040000000000000000230480000000000307172943740000000004958680005000000000104132  
001000040000000000000001090380000000000337113861790000000026513120004000000000278388  
001000050000000000000001299580000000000307106359740000000049586780005000000001041322  
001000050000000000000001299580000000000307106359740000000534518000004000000005612439  
001000050000000000000001299580000000000307106359740000000000000000003000000000000000  
001000060000000000000000357880000000000305652478710000000058677600005000000001232230  
001000060000000000000000357880000000000305652478710000000000000000003000000000000000  
001002060000000000000000067280000000000305500599980000000006942150005000000000145785  
001022960000000000000000156480000000000306921387470000000011179960005000000000234779  
001022960000000000000000156480000000000306921387470000000000000000003000000000000000  
001022960000000000000000156480000000000306921387470000000000000000003000000000000000  
001000060000000000000003475180000000000307104286420000000404970000005000000008504370  
001000160000000000000000519880000000000305000900290000000800000000005000000016800000  
001000350000000000000082361880000000000336921482290000000276223270005000000005800689  
001022830000000000000000101380000000000306921387470000000002788160005000000000058551  
001022830000000000000000101380000000000306921387470000000000000000003000000000000000  
001000010000000000000000006780000000000307164778230000000069800000005000000001465800  
001000020000000000000000188280000000000307089166050000002001067880005000000042022425  
001000160000000000000002363180000000000307150687330000000021524840005000000000452022  
001000020000000000000001420180000000000307104348630000000280000000005000000005880000  
001000020000000000000001872680000000000336776796090000000330000000005000000006930000  
001000130000000000000000783880000000000336441536790000000001322320005000000000027769  
001000760000000000000000756080000000000306770934270000000000000000003000000000000000  
001000150000000000000001824880000000000307150687330000000008051280005000000000169077  
001000160000000000000002372080000000000307150687330000000013044930005000000000273944  
001000200000000000000000062880000000000307150687330000000004090910005000000000085909  
001000040000000000000000029180000000000307170677260000000003057850005000000000064215  
001000050000000000000291110280000000000307026529750000002098547000005000000044069487  
001000050000000000000291110280000000000307026529750000000064822010006000000001750194  
001000020000000000000000832980000000000305801839280000001170056100005000000024571178  
001000100000000000000032866480000000000306520104890000000217980320005000000004577587  
001000370000000000000000221880000000000305218370000000000007438020005000000000156198  
001000010000000000000000006380000000000279249141950000000038500000005000000000808500  
001000020000000000000000144280000000000307110588220000000374760000005000000007869960  
001000020000000000000004416880000000000307169134370000000023241350005000000000488068  
001000040000000000000000015080000000000307153653630000000015206610005000000000319339  
001000040000000000000000168680000000000202068669860000000000000000003000000000000000  
001000050000000000000000001080000000000272896255640000000330000000005000000006930000  
001000050000000000000001210680000000000307141903730000000042768600005000000000898141  
001000160000000000000000278680000000000306807598940000000024214880005000000000508512  
001000020000000000000000088180000000000307176127910000000037024790005000000000777521  
001017080000000000000000051880000000000307079212060000000007321480005000000000153751  
001017080000000000000000051880000000000307079212060000000000000000003000000000000000  
001000030000000000000000055280000000000307122867800000000121680000005000000002555280  
001000050000000000000001213480000000000307141903730000000061570250005000000001292975  
003000050000000000000012581480000000000307026529750000000000019230005000000000000404  
001000150000000000000001842580000000000307150687330000000019325800005000000000405842  
001000160000000000000000054480000000000232898553940000000058000000005000000001218000  
001000030000000000000000028880000000000307170586030000000038561980005000000000809802  
001000310000000000000000579980000000000307088599540000000022545440005000000000473454  
001000120000000000000000065780000000000337085432390000000012033060005000000000252694  
001000120000000000000000067280000000000337085432390000000003719010005000000000078099  
001000760000000000000024265280000000000305467412530000000146017190004000000001533180  
001053180000000000000000980980000000000306955424760000000026464400005000000000555752  
001000020000000000000000022880000000000307167237350000000010000000005000000000210000  
001000020000000000000000189280000000000307089166050000000128700000005000000002702700  
001000030000000000000000158080000000000307147396930000001957466060004000000020553394  
001000050000000000000000356180000000000337164730290000000049586780005000000001041322  
001000020000000000000000253980000000000307159293640000000090990190005000000001910794  
001000060000000000000000360680000000000305652478710000000014669420005000000000308058  
001000350000000000000082403480000000000336921482290000000276223270005000000005800689  
001000030000000000000000002380000000000200437756780000000395400000005000000008303400  
001000030000000000000000002480000000000200437756780000000021199000005000000000445179  
001000120000000000000000222180000000000307084219830000000014752070005000000000309793  
001000120000000000000001028480000000000306779090010000000004740450005000000000099549  
001000050000000000000001300980000000000307106359740000000024793390005000000000520661  
001000050000000000000001300980000000000307106359740000000389173340004000000004086320  
001001860000000000000001014180000000000306447274630000000024323220005000000000510788  
001000150000000000000001857580000000000307150687330000000020136980005000000000422877  
001063640000000000000800484480000000000306394537380000000057112520005000000001199363  
001063640000000000000800484480000000000306394537380000000000409480006000000000011056  
001000070000000000000000000680000000000307101834370000043627170740005000000916170586  
001000070000000000000000000780000000000307101834370000058859130190005000001236041734  
001000020000000000000000271180000000000337097707190000000162081000005000000003403701  
001000030000000000000000447380000000000307082812510000000082851240005000000001739876  
001000070000000000000000000880000000000307101834370000049298580450005000001035270189  
001000080000000000000000071880000000000307148643820000000006206610005000000000130339  
001000020000000000000000023180000000000307167237350000000240000000005000000005040000  
001000020000000000000000224580000000000202442475720000000411902000005000000008649942  
001000020000000000000000364280000000000307091920150000000331400000005000000006959400  
001000030000000000000000158280000000000307147396930000001266968330004000000013303167  
001000030000000000000000500980000000000306884986150000000020000000005000000000420000  
001000430000000000000000564580000000000307102835470000000228099280005000000004790085  
001000470000000000000000313780000000000307078348340000000005784960005000000000121484  
001000470000000000000000313980000000000307078348340000000036774890005000000000772273  
001000090000000000000101369280000000000306284555180000000292471000005000000006141891  
003000160000000000000000148780000000000305000900290000000800000000005000000016800000  
001000160000000000000000527180000000000305000900290000000400000000005000000008400000  
001001860000000000000001021480000000000306447274630000000019930370005000000000418538  
001000350000000000000082426980000000000336921482290000000182954930005000000003842054  
001026130000000000000002928480000000000336996854590000000008925610005000000000187438  
001000020000000000000000001180000000000201201177270000000015000000005000000000315000  
001000020000000000000000035480000000000202589832710000000158250000005000000003323250  
001000020000000000000000077980000000000307115484550000000170000000005000000003570000  
001000040000000000000000002180000000000271852860400000000082134000009000000000205335  
001000060000000000000017357080000000000307083841580000000020103260005000000000422168  
001000080000000000000000072180000000000307148643820000000006371040004000000000066896  
001000100000000000000000207580000000000307151394280000001080000000005000000022680000  
001000040000000000000000424980000000000307090530070000001005600000004000000010558800  
001000050000000000000000726480000000000307151692540000000001636360005000000000034364  
001000120000000000000000212380000000000337113049890000000086219010004000000000905300  
001000120000000000000000212380000000000337113049890000000019504130005000000000409587  
001000010000000000000000179280000000000307155583310000000210000000005000000004410000  
001000010000000000000000179380000000000307155583310000000720000000005000000015120000  
001000040000000000000000030480000000000307170677260000000002355370005000000000049463  
003000040000000000000000082780000000000307123895120000003792693400005000000079646561  
001000040000000000000000148580000000000307123895120000006665542000005000000139976382  
001000040000000000000000148680000000000307123895120000000210000000005000000004410000  
001000040000000000000000148780000000000307123895120000001057392000005000000022205232  
001000050000000000000000160580000000000201164366480000000053820000005000000001130220  
001000050000000000000000160680000000000201164366480000000059200000005000000001243200  
001000070000000000000000000980000000000307101834370000013000000000005000000273000000  
001000150000000000000000215780000000000306807598940000000000950410005000000000019959  
001000020000000000000000014380000000000307171948840000000074100000009000000000185250  
001000020000000000000000014480000000000307171948840000000979708600004000000010286940  
001000020000000000000000014580000000000307171948840000000692635200005000000014545339  
001000020000000000000000014680000000000307171948840000000225500000005000000004735500  
001000020000000000000001301080000000000231276700990000000384889000005000000008082669  
001000060000000000000000136380000000000305875117260000000192113050005000000004034374  
001000060000000000000000226480000000000307163835190000000142026760005000000002982562  
001000180000000000000000082380000000000307111035340000000100000000005000000002100000  
001001860000000000000001024980000000000306447274630000000014333990005000000000301014  
001012380000000000000000361580000000000306858497510000000009032020005000000000189672  
001000070000000000000000001080000000000307101834370000006495285000004000000068200492  
001000070000000000000000001180000000000307101834370000009396875760005000000197334391  
001000070000000000000000001280000000000307101834370000054269213100005000001139653475  
001000030000000000000020120680000000000306091784300000000247585000005000000005199285  
001000030000000000000020145280000000000306091784300000000571896000005000000012009816  
001000010000000000000000471280000000000307077227770000000788031980005000000016548672  
001000010000000000000000471280000000000307077227770000000000000000003000000000000000  
001000010000000000000000471280000000000307077227770000000516360240006000000013941726  
001000010000000000000000471280000000000307077227770000000942029180005000000019782613  
001000020000000000000000151880000000000201607169170000008433375000005000000177100875  
001000020000000000000000152480000000000201607169170000003003225000005000000063067725  
001000020000000000000000193280000000000202037098980000000986000000005000000020706000  
001000020000000000000000194580000000000307176049770000000195975000004000000002057738  
001000030000000000000000024480000000000307145337930000000481100000005000000010103100  
001000070000000000000000001380000000000307101834370000056038939690004000000588408867  
001000010000000000000001202380000000000305000031930000000655444220005000000013764329  
001000100000000000000000333080000000000307096636030000000039272730005000000000824727  
001000090000000000000024461780000000000305751701250000000481659840005000000010114857  
003000110000000000000068645480000000000337095852290000000000202140005000000000004245  
001000110000000000000092651280000000000337095852290000000701881410005000000014739510  
002000120000000000000001387480000000000306968509720000000550560000005000000011561760  
001013500000000000000002303780000000000305000896240000000000000000003000000000000000  
063000010000000000000000011180000000000307013071150000000165000000005000000003465000  
063000010000000000000000011280000000000307144989040000000100000000004000000001050000  
063000010000000000000000011680000000000307172408350000113400000000005000002381400000  
063000010000000000000000011680000000000307172408350000042720000000004000000448560000  
063000010000000000000000011780000000000305022453990000035500000000004000000372750000  
063000010000000000000000011880000000000202225949100000001414000000005000000029694000  
063000010000000000000000011880000000000202225949100000000180000000004000000001890000  
