001000020000000000000000495780000000000270557167440000000000000000003000000000000000  
001000010000000000000000005180000000000279249141950000000028750000005000000000603750  
001000020000000000000000175080000000000307089166050000000150000000005000000003150000  
001000160000000000000000251480000000000306807598940000000022561980005000000000473802  
001000020000000000000001258180000000000231276700990000000138615050005000000002910916  
001000020000000000000000040580000000000307154717910000000130000000008000000000650000  
001000150000000000000000151580000000000306807598940000000001652890005000000000034711  
001000110000000000000000375080000000000306608401990000000058788180005000000001234552  
001000110000000000000000375180000000000306608401990000000031500000005000000000661500  
001000040000000000000001492580000000000307105245870000000046200000005000000000970200  
001000150000000000000000153880000000000306807598940000000003966940005000000000083306  
001000020000000000000000124480000000000272034978440000000292035000005000000006132735  
001000020000000000000000353980000000000307091920150000000048000000005000000001008000  
001000060000000000000000204780000000000307163835190000000009291000005000000000195111  
001000060000000000000000951580000000000307096537800000000013158000005000000000276318  
001000100000000000000011491080000000000307110693600000000169826450005000000003566355  
001000010000000000000000250180000000000279200701030000000009500000005000000000199500  
001000310000000000000000428280000000000306792020450000000009669340005000000000203056  
001000180000000000000000044180000000000307111035340000000389000000005000000008169000  
001000030000000000000000356080000000000271652173600000000050700000005000000001064700  
001000100000000000000032081580000000000306520104890000000157962170005000000003317206  
001000010000000000000000079180000000000307154423920000000079653000005000000001672713  
001000010000000000000000079280000000000307154423920000000079653000005000000001672713  
001000020000000000000000079180000000000307097448160000000129000000005000000002709000  
001000020000000000000000079280000000000307097448160000000129000000005000000002709000  
001000020000000000000000079380000000000307097448160000000585000000005000000012285000  
001000020000000000000000079480000000000307097448160000000585000000005000000012285000  
001000020000000000000000079580000000000307097448160000000120000000005000000002520000  
001000020000000000000000079680000000000307097448160000000120000000005000000002520000  
001000020000000000000000079780000000000307097448160000000200000000005000000004200000  
001000020000000000000000079880000000000307097448160000000200000000005000000004200000  
001000030000000000000000052280000000000307122867800000000093600000005000000001965600  
001000040000000000000000241680000000000201622556310000000058000000005000000001218000  
001000040000000000000000241780000000000201622556310000000065000000005000000001365000  
001000050000000000000000225880000000000232919291090000000200000000005000000004200000  
001000060000000000000000128580000000000305875117260000000030045450005000000000630954  
001022830000000000000000096080000000000306921387470000000010899180005000000000228883  
001000040000000000000000000780000000000271852860400000000068445000005000000001437345  
001000040000000000000000017980000000000307152357450000000147628000005000000003100188  
001000010000000000000000169680000000000307155583310000000162000000005000000003402000  
001000020000000000000000000180000000000201201177270000000015000000005000000000315000  
001000020000000000000000000280000000000201201177270000000016289000005000000000342069  
001000020000000000000000012580000000000201824881440000000150000000005000000003150000  
001000020000000000000000012980000000000307171948840000002289126010004000000024035823  
001000020000000000000000036680000000000307163448580000000764297000005000000016050237  
001000020000000000000000036780000000000307163448580000000261527000005000000005492067  
001000020000000000000000036880000000000307163448580000000550200000005000000011554200  
001000020000000000000000036980000000000307163448580000000120000000005000000002520000  
001000020000000000000000076380000000000307115484550000000170000000005000000003570000  
001000020000000000000000209880000000000200452309110000000231066000005000000004852386  
001000020000000000000000210180000000000202442475720000000411902000005000000008649942  
001000030000000000000000014480000000000307145337930000000095000000005000000001995000  
001000030000000000000000014580000000000307145337930000001096150000005000000023019150  
001000030000000000000000014680000000000307145337930000000481100000005000000010103100  
001000030000000000000000014780000000000307145337930000001296600000005000000027228600  
001000030000000000000000057080000000000201338226590000000145152000005000000003048192  
001000030000000000000000513880000000000307093881140000000050000000005000000001050000  
003000040000000000000000074980000000000307123895120000004913501000005000000103183521  
001000040000000000000000133780000000000307123895120000000190400000005000000003998400  
001000040000000000000000133880000000000307123895120000000190400000005000000003998400  
001000040000000000000000133980000000000307123895120000001511090000005000000031732890  
001000040000000000000000134080000000000307123895120000000427000000005000000008967000  
001000040000000000000000134180000000000307123895120000008635328000005000000181341888  
003000050000000000000000008880000000000337084166790000000001558070005000000000032719  
003000050000000000000000008980000000000337084166790000000009877300005000000000207423  
001000050000000000000000031280000000000337084166790000000031161550005000000000654393  
001000050000000000000000031380000000000337084166790000000197546040005000000004148467  
001000050000000000000000152380000000000201164366480000000053820000005000000001130220  
001000050000000000000000152480000000000201164366480000000059200000005000000001243200  
001000060000000000000000112080000000000201474105070000000115188430005000000002418957  
001000020000000000000000012880000000000307171948840000000138204000009000000000345510  
001000020000000000000000013080000000000307171948840000001255585000005000000026367285  
001000020000000000000000013180000000000307171948840000000673000000005000000014133000  
001000040000000000000000187980000000000202341599770000005756625000004000000060444563  
001000060000000000000000128780000000000305875117260000000084617920005000000001776976  
001000010000000000000000006480000000000307164778230000000069800000005000000001465800  
001000020000000000000000148380000000000201607169170000015364039000005000000322644819  
001000020000000000000000148480000000000201607169170000000483540000005000000010154340  
001000020000000000000000148580000000000201607169170000000900000000005000000018900000  
001000020000000000000000156380000000000307176049770000000104832000004000000001100736  
001000020000000000000000188780000000000202037098980000000858000000005000000018018000  
001000020000000000000000188880000000000202037098980000000858000000005000000018018000  
001000020000000000000000213980000000000306983265370000000118000000005000000002478000  
001000020000000000000000323380000000000306830131840000000081120000005000000001703520  
001000020000000000000000323480000000000306830131840000000162240000005000000003407040  
001000020000000000000000352180000000000306955787130000000231840000005000000004868640  
001000030000000000000000014880000000000307145337930000001096150000005000000023019150  
001000030000000000000000014980000000000307145337930000000481100000005000000010103100  
001000030000000000000000015080000000000307145337930000001296600000005000000027228600  
001000040000000000000000022680000000000233134230690000000060000000005000000001260000  
001000010000000000000000124380000000000307098976120000000200000000005000000004200000  
001000010000000000000009202380000000000305000031930000000414500130005000000008704503  
001000100000000000000000300380000000000307096636030000000285123970005000000005987603  
001000030000000000000019779680000000000306091784300000000200200000005000000004204200  
001000030000000000000019822080000000000306091784300000000460200000005000000009664200  
003000160000000000000000137680000000000305000900290000000357500000005000000007507500  
001000160000000000000000473580000000000305000900290000000357500000005000000007507500  
001000160000000000000000478780000000000305000900290000000357500000005000000007507500  
001001000000000000000000462380000000000307072215650000000270000000004000000002835000  
063000010000000000000000000380000000000202265406880000002783200000005000000058447200  
063000010000000000000000000480000000000306336419660000001120000000005000000023520000  
063000010000000000000000000480000000000306336419660000000800000000004000000008400000  
063000010000000000000000000580000000000202150846480000022415000000005000000470715000  
063000010000000000000000000580000000000202150846480000000560000000004000000005880000  
063000010000000000000000000780000000000307172080870000009160000000005000000192360000  
063000010000000000000000000780000000000307172080870000020170000000004000000211785000  
063000010000000000000000000880000000000202462819800000000500000000005000000010500000  
063000010000000000000000000880000000000202462819800000005700000000004000000059850000  
063000010000000000000000000980000000000202462819800000007020000000005000000147420000  
063000010000000000000000000980000000000202462819800000017440000000004000000183120000  
063000010000000000000000001080000000000307165908830000000270000000005000000005670000  
063000010000000000000000001080000000000307165908830000000380000000004000000003990000  
063000010000000000000000001180000000000202462819800000000220000000005000000004620000  
063000010000000000000000001180000000000202462819800000000900000000004000000009450000  
063000010000000000000000001280000000000202462819800000000350000000005000000007350000  
063000010000000000000000001380000000000202462819800000000800000000005000000016800000  
063000010000000000000000001380000000000202462819800000001200000000004000000012600000  
063000010000000000000000001480000000000202225949100000001305000000005000000027405000  
063000010000000000000000001480000000000202225949100000000750000000004000000007875000  
063000010000000000000000001580000000000307172408350000085850000000005000001802850000  
