001000010000000000000000057180000000000307171643300000000132981000005000000002792601  
001000010000000000000000062780000000000203483595500000000169000000005000000003549000  
001000020000000000000000173180000000000337164137190000001915358250005000000040222523  
001000020000000000000000268280000000000337097707190000000162081000005000000003403701  
001000020000000000000003641380000000000307070006900000000039500000005000000000829500  
001000030000000000000000019780000000000307145337930000000095000000005000000001995000  
001000050000000000000000000280000000000272896255640000000896000000005000000018816000  
001000050000000000000000000480000000000272896255640000000863000000005000000018123000  
001000060000000000000000022380000000000273042905580000000002975210005000000000062479  
001000020000000000000000827380000000000305801839280000000970925580005000000020389437  
001000020000000000000000827480000000000305801839280000000970925580005000000020389437  
001000030000000000000000221980000000000337094703590000000432328000005000000009078888  
001000030000000000000004697180000000000336634199490000000081500000005000000001711500  
001000040000000000000000981180000000000307150964190000000089900000005000000001887900  
001000040000000000000000981380000000000307150964190000000077000000005000000001617000  
001000050000000000000000230180000000000232919291090000000480000000005000000010080000  
001000050000000000000001214080000000000307162711680000000052988340005000000001112755  
001000060000000000000003434880000000000307104286420000000364452000005000000007653492  
001000080000000000000000105980000000000306975789900000004831910000005000000101470110  
001000180000000000000026621580000000000306968509720000000182750000005000000003837750  
001000180000000000000026621680000000000306968509720000000182750000005000000003837750  
001094470000000000000000032280000000000306858497510000000003622360005000000000076070  
001000020000000000000000038980000000000307092502280000000050000000005000000001050000  
001000020000000000000000038980000000000307163448580000001356981000005000000028496601  
001000020000000000000000039080000000000307163448580000000343908000005000000007222068  
001000020000000000000000039180000000000307163448580000000548250000005000000011513250  
001000020000000000000000183680000000000307089166050000000120000000005000000002520000  
001000020000000000000001409680000000000307104348630000000280000000005000000005880000  
001000020000000000000001863280000000000336776796090000000330000000005000000006930000  
001000030000000000000000043980000000000202148452890000000130000000005000000002730000  
001000030000000000000000408180000000000307143695000000000312000000005000000006552000  
001000010000000000000000005680000000000279249141950000000304120080005000000006386522  
001000010000000000000000005780000000000279249141950000000023000000004000000000241500  
001000020000000000000000001380000000000209246279140000001479000000005000000031059000  
001000020000000000000000039080000000000307092502280000000050000000005000000001050000  
001000060000000000000007155680000000000307110536690000000086962810005000000001826219  
001000030000000000000002934580000000000336281526890000000135200000008000000000676000  
001000030000000000000002934680000000000336281526890000000150568600005000000003161941  
001000060000000000000000215180000000000307163835190000000007847680005000000000164801  
003000080000000000000000011280000000000306975789900000000000000000003000000000000000  
001000110000000000000000327780000000000337113049890000000013305790005000000000279422  
001000110000000000000000327780000000000337113049890000000084981000004000000000892301  
001000350000000000000082166380000000000336921482290000000105090900005000000002206909  
001000050000000000000288911180000000000307026529750000001861966650005000000039101300  
001000050000000000000288911180000000000307026529750000000062928140006000000001699060  
001000050000000000000288911280000000000307026529750000000001275000006000000000034425  
001000020000000000000000045980000000000307095178010000000055000000005000000001155000  
001000030000000000000000057780000000000201338226590000000145152000005000000003048192  
001000030000000000000000113580000000000232399287490000000081250000005000000001706250  
001000070000000000000000075380000000000202585214480000000076033060005000000001596694  
001000030000000000000000197880000000000231826166990000000276000000005000000005796000  
001000090000000000000000015180000000000307090437960000000023347110005000000000490289  
001000010000000000000000025480000000000307151513200000000336000000005000000007056000  
001000020000000000000000000580000000000201201177270000000101585000005000000002133285  
001000020000000000000000271280000000000201712123840000005580000000005000000117180000  
001000020000000000000003714080000000000305682107900000000233200000005000000004897200  
001000020000000000000003714280000000000305682107900000000233200000005000000004897200  
001000020000000000000003714480000000000305682107900000000233200000005000000004897200  
001000020000000000000003714680000000000305682107900000000233200000005000000004897200  
003000030000000000000000012580000000000306884986150000000010000000005000000000210000  
001000040000000000000000144280000000000336285402390000000082975000005000000001742475  
001000050000000000000000022180000000000203724583490000000160000000005000000003360000  
001000070000000000000000078180000000000202585214480000000009008260005000000000189173  
001000020000000000000000000680000000000201201177270000000135000000005000000002835000  
001000020000000000000000970480000000000307086530780000000250000000005000000005250000  
001000070000000000000000612980000000000307093251200000000600000000005000000012600000  
003000020000000000000000055680000000000305801839280000000819054260005000000017200139  
001000020000000000000000828480000000000305801839280000000151881310005000000003189508  
001000020000000000000000828580000000000305801839280000000151881310005000000003189508  
001001860000000000000000945180000000000306447274630000000011993090005000000000251855  
001000760000000000000000747380000000000306770934270000000000000000003000000000000000  
001000150000000000000003115280000000000306779090010000000003386160005000000000071109  
001000010000000000000000236380000000000307155166200000000228440000005000000004797240  
001000020000000000000000299580000000000307142125710000000246420000005000000005174820  
001000020000000000000000481180000000000337146988990000000260480000005000000005470080  
001000030000000000000000484980000000000307145602350000000514988530005000000010814759  
001000050000000000000290331780000000000307026529750000002336586670005000000049068320  
001000060000000000000000004980000000000201248699790000000104000000005000000002184000  
001000100000000000000000201480000000000307151394280000001080000000005000000022680000  
001000350000000000000082207580000000000336921482290000000210301450005000000004416330  
001000020000000000000000000780000000000201201177270000000471432000005000000009900072  
001000030000000000000000034480000000000203553451230000000021300000005000000000447300  
001000030000000000000000034580000000000203553451230000000021300000005000000000447300  
001000030000000000000000034680000000000203553451230000000061300000005000000001287300  
001000020000000000000001284780000000000231276700990000000267843360005000000005624711  
001001860000000000000000950380000000000306447274630000000009287630005000000000195040  
001012380000000000000000341580000000000306858497510000000006720550005000000000141132  
001012380000000000000000341580000000000306858497510000000000735050004000000000007718  
001000020000000000000000050880000000000307154717910000000130000000008000000000650000  
001000030000000000000000023380000000000202705072560000001290000000005000000027090000  
001000030000000000000000198180000000000231826166990000000276000000005000000005796000  
001000030000000000000000494680000000000306884986150000000040000000005000000000840000  
001000020000000000000000021880000000000307167237350000000197400000005000000004145400  
001000020000000000000000034880000000000307159293640000008165289260005000000171471074  
001000020000000000000000034880000000000202589832710000000600000000005000000012600000  
001000030000000000000000002180000000000200437756780000000750000000005000000015750000  
001000050000000000000001147080000000000307141903730000000158380160005000000003325983  
001000060000000000000000991880000000000307096537800000000012436880005000000000261174  
001000100000000000000032575180000000000306520104890000000196378670005000000004123952  
001000010000000000000000005880000000000279249141950000001292708640005000000027146881  
001000020000000000000000060380000000000202243294240000000490000000004000000005145000  
001000020000000000000000081680000000000203480494890000002000000000005000000042000000  
001000020000000000000000185980000000000307089166050000000704700000005000000014798700  
001000020000000000000000186080000000000307089166050000001884909000005000000039583089  
001000160000000000000000271380000000000306807598940000000060975200005000000001280479  
001000040000000000000000041880000000000232842335140000000006000000005000000000126000  
001001860000000000000000957580000000000306447274630000000010292550005000000000216144  
001000020000000000000000218480000000000306983265370000000118000000005000000002478000  
001000120000000000000000020180000000000307152137090000000180000000005000000003780000  
001000170000000000000000695480000000000306368276610000000336000000005000000007056000  
001000020000000000000000014480000000000201030623660000000074100000005000000001556100  
001000090000000000000001315580000000000305750195240000000015206610005000000000319339  
001000020000000000000000831380000000000305801839280000001041715880005000000021876033  
001000110000000000000001445280000000000337085432390000000006595040005000000000138496  
001002270000000000000000001180000000000306447274630000000001545450005000000000032454  
001000800000000000000023836780000000000305467412530000000130945700004000000001374930  
001000020000000000000000360180000000000307091920150000000065000000005000000001365000  
001000470000000000000000302280000000000307078348340000000010998460005000000000230968  
001000110000000000000001449980000000000337085432390000000019430600005000000000408043  
001000350000000000000082259080000000000336921482290000000068254940005000000001433354  
001081600000000000000000119780000000000306787744950000000002138820005000000000044915  
001081600000000000000000119780000000000306787744950000000000000000003000000000000000  
001000010000000000000000006080000000000279249141950000000027500000005000000000577500  
001000020000000000000000000880000000000201201177270000000842564000005000000017693844  
001000020000000000000000360380000000000307091920150000000519220000005000000010903620  
001000030000000000000000362080000000000271652173600000000050700000005000000001064700  
002000080000000000000000038580000000000306975789900000000000000000003000000000000000  
001063640000000000000793916380000000000306394537380000000052836520005000000001109567  
001063640000000000000793916380000000000306394537380000000000409480006000000000011056  
001000120000000000000000898780000000000306779090010000000002285210005000000000047989  
001000020000000000000000186780000000000307089166050000001334045000005000000028014945  
001000030000000000000000054280000000000307122867800000000121680000005000000002555280  
001000040000000000000000251180000000000201622556310000000090000000005000000001890000  
001000040000000000000000251280000000000201622556310000000084000000005000000001764000  
001000090000000000000100717580000000000306284555180000000213959000005000000004493139  
001000020000000000000000087880000000000307102874880000000055000000005000000001155000  
001000020000000000000000219980000000000202442475720000000411902000005000000008649942  
001000030000000000000000497180000000000306884986150000000062000000005000000001302000  
001000430000000000000000528880000000000307102835470000000185330550005000000003891942  
001001920000000000000000824580000000000306447274630000000003157020005000000000066297  
001000010000000000000000028980000000000307152984610000000243360000005000000005110560  
001000010000000000000000082180000000000307154423920000000079653000005000000001672713  
001000020000000000000000084080000000000307097448160000000200000000005000000004200000  
001000020000000000000000084180000000000307097448160000000120000000005000000002520000  
001000020000000000000000084280000000000307097448160000000585000000005000000012285000  
001000020000000000000000084380000000000307097448160000000129000000005000000002709000  
001000050000000000000000022980000000000203724583490000000210000000005000000004410000  
001000060000000000000017179080000000000307083841580000000017481100005000000000367103  
001000030000000000000003201580000000000307144066270000000050400000005000000001058400  
001000030000000000000003201580000000000307144066270000000000000000003000000000000000  
001000470000000000000000304080000000000307078348340000000009917220005000000000208262  
001000060000000000000001000180000000000307096537800000000038019370005000000000798407  
001000060000000000000001000180000000000307096537800000000000000000003000000000000000  
001001860000000000000000975680000000000306447274630000000009199570005000000000193191  
001002270000000000000000001280000000000306447274630000000002033060005000000000042694  
051000010000000000000000001080000000000307164434300000000051840000005000000001088640  
001000010000000000000000132580000000000307098976120000000200000000005000000004200000  
001000010000000000000000458080000000000307077227770000000643678640005000000013517251  
001000010000000000000000458080000000000307077227770000000540859180006000000014603198  
001000010000000000000000458080000000000307077227770000000830643880005000000017443521  
001000010000000000000000458080000000000307077227770000000000000000003000000000000000  
001000020000000000000000013580000000000201824881440000000150000000005000000003150000  
001000020000000000000000150780000000000201607169170000018417950000005000000386776950  
001000020000000000000000150880000000000201607169170000000639480000005000000013429080  
001000020000000000000000150980000000000201607169170000001800000000005000000037800000  
001000020000000000000000181480000000000307176049770000000111384000004000000001169532  
001000020000000000000000191680000000000202037098980000000986000000005000000020706000  
001000020000000000000000213680000000000200452309110000000277300000005000000005823300  
001000020000000000000000221680000000000306983265370000000138000000005000000002898000  
001000020000000000000000333280000000000306830131840000000081120000005000000001703520  
001000020000000000000000355880000000000306955787130000000301392000005000000006329232  
001000030000000000000000022080000000000307145337930000001096150000005000000023019150  
001000030000000000000000022180000000000307145337930000000481100000005000000010103100  
001000030000000000000000022280000000000307145337930000001296600000005000000027228600  
001000030000000000000000035280000000000203553451230000000165000000005000000003465000  
001000030000000000000000522380000000000307093881140000000050000000005000000001050000  
001000040000000000000000001680000000000271852860400000000082134000009000000000205335  
001000040000000000000000023780000000000233134230690000000072000000005000000001512000  
003000040000000000000000080380000000000307123895120000002487515500005000000052237826  
001000040000000000000000144480000000000307123895120000004371732000005000000091806372  
001000040000000000000000144580000000000307123895120000000427000000005000000008967000  
001000040000000000000000144680000000000307123895120000000061880000005000000001299480  
001000040000000000000000144780000000000307123895120000002301432000005000000048330072  
003000050000000000000000009880000000000337084166790000000001736070005000000000036457  
003000050000000000000000009980000000000337084166790000000014011410005000000000294240  
001000050000000000000000034980000000000337084166790000000034721400005000000000729149  
001000050000000000000000035080000000000337084166790000000280228250005000000005884793  
001000060000000000000000115280000000000201474105070000000115188430005000000002418957  
001000010000000000000000132580000000000307098976120000000200000000005000000004200000  
001000010000000000000003086280000000000307110915520000000031983460005000000000671653  
001000010000000000000011202380000000000305000031930000000182861570005000000003840093  
001000100000000000000000322180000000000307096636030000000023057850005000000000484215  
001000020000000000000000013880000000000307171948840000000035625000009000000000089063  
001000020000000000000000013980000000000307171948840000000833900000005000000017511900  
001000020000000000000000014080000000000307171948840000000297825000005000000006254325  
001000020000000000000000014180000000000307171948840000000454770000004000000004775085  
001000020000000000000000333180000000000306830131840000000162240000005000000003407040  
001000030000000000000019983380000000000306091784300000000624624000005000000013117104  
001000030000000000000020017180000000000306091784300000000260260000005000000005465460  
001000060000000000000000134180000000000305875117260000000086565810005000000001817882  
001000090000000000000024335980000000000305751701250000000481659840005000000010114857  
001000110000000000000001468780000000000337085432390000000007107440005000000000149256  
001000110000000000000001469880000000000337085432390000000001900830005000000000039917  
003000110000000000000067413880000000000337095852290000000000624650005000000000013118  
001000110000000000000090866180000000000337095852290000000289908530005000000006088079  
002000120000000000000001262080000000000306968509720000000003720000005000000000078120  
001000160000000000000000513480000000000305000900290000000464750000005000000009759750  
001000170000000000000000698680000000000306368276610000000279225000005000000005863725  
001000170000000000000000707580000000000306368276610000000336000000005000000007056000  
001001000000000000000000470080000000000307072215650000000270000000004000000002835000  
001013500000000000000002283780000000000305000896240000000000000000003000000000000000  
001024650000000000000031304980000000000307085748360000000000123970005000000000002603  
001024650000000000000031309180000000000307085748360000000000000000003000000000000000  
063000010000000000000000010280000000000305169975040000002110000000005000000044310000  
063000010000000000000000010280000000000305169975040000001170000000004000000012285000  
063000010000000000000000010480000000000307162593700000000440000000005000000009240000  
063000010000000000000000010580000000000307013071150000000421000000005000000008841000  
063000010000000000000000010680000000000307013071150000009150000000005000000192150000  
063000010000000000000000010780000000000307144989040000003020000000005000000063420000  
063000010000000000000000010780000000000307144989040000003300000000004000000034650000  
063000010000000000000000010880000000000305780799940000006185000000005000000129885000  
063000010000000000000000010980000000000306705714470000004705000000005000000098805000  
063000010000000000000000010980000000000306705714470000010460000000004000000109830000  
06300001000000000000000001108000000000030716590883-000000350000000004-00000003675000  
